3.390986621379852295e-01
2.714864909648895264e-01
2.620857954025268555e-01
2.511855065822601318e-01
2.475502490997314453e-01
2.438694685697555542e-01
2.422840148210525513e-01
2.403292357921600342e-01
2.394863218069076538e-01
2.390232831239700317e-01
2.362503111362457275e-01
2.359666824340820312e-01
2.355828583240509033e-01
2.348112463951110840e-01
2.312002331018447876e-01
2.331732958555221558e-01
2.322899252176284790e-01
2.313855588436126709e-01
2.315362244844436646e-01
2.312404662370681763e-01
2.320256531238555908e-01
2.299716770648956299e-01
2.289374023675918579e-01
2.303292155265808105e-01
2.287724167108535767e-01
2.290339171886444092e-01
2.289047092199325562e-01
2.282578945159912109e-01
2.283155024051666260e-01
2.283410280942916870e-01
2.268124669790267944e-01
2.269928902387619019e-01
2.284708768129348755e-01
2.261228412389755249e-01
2.265776395797729492e-01
2.255395799875259399e-01
2.269797176122665405e-01
2.253442555665969849e-01
2.252752929925918579e-01
2.260512113571166992e-01
2.248613536357879639e-01
2.240912169218063354e-01
2.256807237863540649e-01
2.254277318716049194e-01
2.245086580514907837e-01
2.235140949487686157e-01
2.249575704336166382e-01
2.225182801485061646e-01
2.242874205112457275e-01
2.239372283220291138e-01
2.231947034597396851e-01
2.240038961172103882e-01
2.226262390613555908e-01
2.226836830377578735e-01
2.224778681993484497e-01
2.226900607347488403e-01
2.215572297573089600e-01
2.208707928657531738e-01
2.217355370521545410e-01
2.219111472368240356e-01
2.221376895904541016e-01
2.213141918182373047e-01
2.217603921890258789e-01
2.210870236158370972e-01
2.204087674617767334e-01
2.206383347511291504e-01
2.206966280937194824e-01
2.199595421552658081e-01
2.209020406007766724e-01
2.202497571706771851e-01
2.200134992599487305e-01
2.195049375295639038e-01
2.203377485275268555e-01
2.199285775423049927e-01
2.205478996038436890e-01
2.192649543285369873e-01
2.203698754310607910e-01
2.194928824901580811e-01
2.197364419698715210e-01
2.194789350032806396e-01
2.195583432912826538e-01
2.185999602079391479e-01
2.192973494529724121e-01
2.184021770954132080e-01
2.175021320581436157e-01
2.187565267086029053e-01
2.175864726305007935e-01
2.179020196199417114e-01
2.179836332798004150e-01
2.175806909799575806e-01
2.173759639263153076e-01
2.174699157476425171e-01
2.162717729806900024e-01
2.170797139406204224e-01
2.170748263597488403e-01
2.169755995273590088e-01
2.169827520847320557e-01
2.173699140548706055e-01
2.163310348987579346e-01
2.155367881059646606e-01
