2.344836443662643433e-01
1.603409498929977417e-01
1.519467681646347046e-01
1.442358046770095825e-01
1.424463540315628052e-01
1.400065124034881592e-01
1.388876736164093018e-01
1.372037380933761597e-01
1.353939622640609741e-01
1.355607509613037109e-01
1.340021342039108276e-01
1.331392377614974976e-01
1.325135231018066406e-01
1.318367868661880493e-01
1.308216005563735962e-01
1.309204846620559692e-01
1.301245987415313721e-01
1.298059672117233276e-01
1.300062239170074463e-01
1.303112357854843140e-01
1.296331137418746948e-01
1.281291395425796509e-01
1.290418058633804321e-01
1.274717897176742554e-01
1.281672567129135132e-01
1.277541518211364746e-01
1.272391229867935181e-01
1.271806210279464722e-01
1.262074708938598633e-01
1.269407123327255249e-01
1.267724931240081787e-01
1.260290890932083130e-01
1.263325214385986328e-01
1.254774779081344604e-01
1.264150738716125488e-01
1.257089376449584961e-01
1.252963244915008545e-01
1.248760595917701721e-01
1.257175505161285400e-01
1.260712742805480957e-01
1.253585070371627808e-01
1.239020377397537231e-01
1.256063431501388550e-01
1.240180581808090210e-01
1.239552721381187439e-01
1.242569088935852051e-01
1.233700811862945557e-01
1.234706789255142212e-01
1.241305693984031677e-01
1.241428777575492859e-01
1.236647590994834900e-01
1.235495358705520630e-01
1.225813552737236023e-01
1.231203302741050720e-01
1.223053783178329468e-01
1.236520856618881226e-01
1.224343925714492798e-01
1.230750009417533875e-01
1.219712644815444946e-01
1.217941865324974060e-01
1.229029819369316101e-01
1.215943694114685059e-01
1.216545775532722473e-01
1.211033985018730164e-01
1.220226138830184937e-01
1.218631193041801453e-01
1.208842173218727112e-01
1.215619891881942749e-01
1.213259622454643250e-01
1.212939694523811340e-01
1.213030070066452026e-01
1.204833462834358215e-01
1.214492395520210266e-01
1.212683618068695068e-01
1.212243884801864624e-01
1.204215362668037415e-01
1.211019158363342285e-01
1.207012608647346497e-01
1.198720261454582214e-01
1.209295988082885742e-01
1.199088171124458313e-01
1.203861162066459656e-01
1.205842271447181702e-01
1.199253574013710022e-01
1.199514940381050110e-01
1.195171549916267395e-01
1.199926882982254028e-01
1.197284311056137085e-01
1.198701933026313782e-01
1.191564574837684631e-01
1.191625148057937622e-01
1.194196119904518127e-01
1.192450672388076782e-01
1.195850074291229248e-01
1.184387654066085815e-01
1.185831725597381592e-01
1.191678866744041443e-01
1.190591901540756226e-01
1.189962550997734070e-01
1.181953996419906616e-01
