29
Model0
3.018833e+00 8.471328e+00
1973 8950
3
0
1
7.221304e+01
371
1
1
1.003929e+02
818
2
1
1.136956e+02
200
Model10
2.518182e+00 4.916864e+02
150880 682097
3
1
1
4.009625e+02
6946
3
5
3.682256e+02
3489
3567
19015
27343
65168
4
3
4.217190e+02
2587
2302
31351
Model11
2.965099e+00 1.155214e+03
175785 788932
2
0
1
4.512996e+02
53389
2
3
7.728596e+02
30326
39887
14582
Model12
2.341944e+00 8.284615e+02
179146 812769
3
1
1
4.767936e+02
40943
2
3
4.864750e+02
71442
40560
40931
4
2
5.156351e+02
6517
6436
Model13
2.185724e+00 5.829954e+02
209758 944032
3
0
1
2.896577e+02
676
1
1
5.133915e+02
35369
2
3
5.242612e+02
31106
43848
23240
Model14
2.647189e+00 1.357755e+03
255487 1150484
3
0
1
5.264380e+02
53764
1
1
6.927430e+02
45180
2
4
7.724858e+02
107633
44946
51279
109220
Model15
1.866175e+00 1.937595e+02
306332 1589923
3
0
1
3.663482e+02
39566
1
1
3.079461e+02
40131
3
1
2.284953e+02
15507
Model16
2.007931e+00 1.403150e+00
581 2604
3
0
1
1.837293e+01
213
1
1
2.404465e+01
243
2
1
1.551885e+01
194
Model17
1.885013e+00 7.329192e+00
44168 215330
3
0
2
4.605568e+01
9906
14129
1
5
5.066855e+01
12255
5381
12781
7622
12278
3
3
4.593052e+01
12572
11971
12735
Model18
2.226719e+00 4.094647e+01
51751 238647
3
0
1
8.521848e+01
17129
1
3
7.602335e+01
9287
9224
10350
2
1
9.426075e+01
2144
Model19
2.385083e+00 1.245182e+02
73888 347389
3
0
1
3.996086e+02
31797
1
1
4.847312e+02
15196
3
3
4.290808e+02
6942
31825
22347
Model1
3.673263e+00 7.633127e+00
6029 27853
2
1
1
1.465848e+02
225
2
2
1.151221e+02
225
1390
Model20
1.949250e+00 1.183826e+02
95760 435231
3
0
1
7.566286e+02
43732
1
1
7.562984e+02
538
2
4
7.572593e+02
43913
22750
22434
998
Model21
1.306815e+00 4.431960e+01
110488 505150
3
0
1
2.035823e+02
25897
1
3
2.546069e+02
18043
16879
38354
2
2
2.504272e+02
46402
46262
Model22
2.128640e+00 1.838228e+02
111237 522857
3
0
1
3.254442e+02
5971
1
3
5.445488e+02
2000
6633
40629
3
3
5.470720e+02
11920
11907
12191
Model23
2.734292e+00 2.535992e+03
424623 1927132
3
0
1
1.263255e+03
39695
1
4
1.271513e+03
95574
99644
188964
96332
2
2
1.361368e+03
73098
148822
Model24
3.825098e+00 2.101470e+02
48498 236326
3
0
1
1.540230e+02
17285
1
2
1.417346e+02
7667
17636
2
2
1.723236e+02
6138
7085
Model25
2.542642e+00 2.205667e+02
104338 470751
2
0
1
2.144604e+02
34603
1
1
3.428741e+02
2363
Model26
1.815858e+00 1.217817e+02
124676 565282
3
0
1
1.740955e+02
31284
2
1
2.110587e+02
21543
3
3
2.049038e+02
7429
14120
19188
Model27
2.595717e+00 3.986939e+02
126740 592059
3
0
1
2.253114e+02
24832
1
2
2.684900e+02
25138
25799
2
3
3.811861e+02
55738
55819
55842
Model28
2.285903e+00 3.012406e+03
718754 3250882
3
0
1
1.116650e+03
80161
1
1
6.823401e+02
18564
2
3
8.501958e+02
329941
223941
228043
Model2
3.378367e+00 3.658771e+01
6311 29134
3
0
1
9.321834e+01
2389
1
1
1.217700e+02
298
2
2
1.208039e+02
2280
2296
Model3
2.941805e+00 9.524596e+00
7444 34212
1
1
1
1.454030e+02
1917
Model4
1.892591e+00 1.141648e+01
15952 74106
4
0
1
6.203879e+01
1558
1
2
9.227940e+01
1518
1807
2
2
1.002470e+02
7022
5651
3
2
1.183998e+02
1453
1414
Model5
3.265717e+00 4.989790e+02
92048 414343
4
0
1
8.050912e+02
16351
1
4
1.108381e+03
179
19322
13909
12358
2
3
1.200672e+03
32717
22328
25843
3
7
1.272296e+03
22397
33356
26247
29018
28143
27027
35527
Model6
2.543392e+00 7.921702e+02
448892 2024200
3
0
1
8.193481e+02
15532
1
2
9.501975e+02
6392
59440
3
2
1.162938e+03
14327
212796
Model7
1.280519e+00 4.350747e+00
14208 64100
3
0
1
3.268150e+01
6926
1
1
5.927498e+01
2761
2
3
4.720944e+01
5394
5749
5834
Model8
1.420064e+00 6.183347e+00
39553 184032
2
0
1
4.679243e+01
10706
2
1
6.878454e+01
6045
Model9
2.709185e+00 2.000637e+02
95465 435152
5
0
1
2.802652e+02
21139
1
2
3.600266e+02
31314
29963
2
2
3.063087e+02
42195
42642
3
1
2.537518e+02
37249
4
2
4.140764e+02
33122
33186
