28
1
RMS/6/500
21
0 0
0 1
0 2
1 0
1 1
1 2
1 3
1 4
1 5
1 6
1 7
1 8
1 9
1 10
1 11
1 12
1 13
1 14
1 15
1 16
1 17
0
6
500
1
1.000000e-06
0.000000
-1.000000
-1.000000
0.900000
-1.000000
-1.000000
0
64 relu
32 relu
32 relu
16 relu
8 relu
1 relu
2
Adam/6/500
21
0 0
0 1
0 2
1 0
1 1
1 2
1 3
1 4
1 5
1 6
1 7
1 8
1 9
1 10
1 11
1 12
1 13
1 14
1 15
1 16
1 17
0
6
500
4
1.000000e-03
0.000000
-1.000000
-1.000000
-1.000000
0.900000
0.999000
0
64 relu
32 relu
32 relu
16 relu
8 relu
1 relu
3
Adamax/6/500
21
0 0
0 1
0 2
1 0
1 1
1 2
1 3
1 4
1 5
1 6
1 7
1 8
1 9
1 10
1 11
1 12
1 13
1 14
1 15
1 16
1 17
0
6
500
5
2.000000e-03
0.000000
-1.000000
-1.000000
-1.000000
0.900000
0.999000
0
64 relu
32 relu
32 relu
16 relu
8 relu
1 relu
4
RMS6/No Thickness
20
0 0
0 2
1 0
1 1
1 2
1 3
1 4
1 5
1 6
1 7
1 8
1 9
1 10
1 11
1 12
1 13
1 14
1 15
1 16
1 17
0
6
500
1
1.000000e-06
0.000000
-1.000000
-1.000000
0.900000
-1.000000
-1.000000
0
64 relu
32 relu
32 relu
16 relu
8 relu
1 relu
5
Adam6/No Thickness
20
0 0
0 2
1 0
1 1
1 2
1 3
1 4
1 5
1 6
1 7
1 8
1 9
1 10
1 11
1 12
1 13
1 14
1 15
1 16
1 17
0
6
500
4
1.000000e-03
0.000000
-1.000000
-1.000000
-1.000000
0.900000
0.999000
0
64 relu
32 relu
32 relu
16 relu
8 relu
1 relu
6
Adamax6/No Thickness
20
0 0
0 2
1 0
1 1
1 2
1 3
1 4
1 5
1 6
1 7
1 8
1 9
1 10
1 11
1 12
1 13
1 14
1 15
1 16
1 17
0
6
500
5
2.000000e-03
0.000000
-1.000000
-1.000000
-1.000000
0.900000
0.999000
0
64 relu
32 relu
32 relu
16 relu
8 relu
1 relu
7
RMS6/SQRT Thickness
21
0 0
0 2
0 3
1 0
1 1
1 2
1 3
1 4
1 5
1 6
1 7
1 8
1 9
1 10
1 11
1 12
1 13
1 14
1 15
1 16
1 17
0
6
500
1
1.000000e-06
0.000000
-1.000000
-1.000000
0.900000
-1.000000
-1.000000
0
64 relu
32 relu
32 relu
16 relu
8 relu
1 relu
8
Adam6/SQRT Thickness
21
0 0
0 2
0 3
1 0
1 1
1 2
1 3
1 4
1 5
1 6
1 7
1 8
1 9
1 10
1 11
1 12
1 13
1 14
1 15
1 16
1 17
0
6
500
4
1.000000e-03
0.000000
-1.000000
-1.000000
-1.000000
0.900000
0.999000
0
64 relu
32 relu
32 relu
16 relu
8 relu
1 relu
9
Adamax6/SQRT Thickness
21
0 0
0 2
0 3
1 0
1 1
1 2
1 3
1 4
1 5
1 6
1 7
1 8
1 9
1 10
1 11
1 12
1 13
1 14
1 15
1 16
1 17
0
6
500
5
2.000000e-03
0.000000
-1.000000
-1.000000
-1.000000
0.900000
0.999000
0
64 relu
32 relu
32 relu
16 relu
8 relu
1 relu
10
RMS6/No Thick/No TonPath
18
0 0
0 2
1 0
1 1
1 2
1 3
1 4
1 5
1 7
1 8
1 9
1 10
1 11
1 13
1 14
1 15
1 16
1 17
0
6
500
1
1.000000e-06
0.000000
-1.000000
-1.000000
0.900000
-1.000000
-1.000000
0
64 relu
32 relu
32 relu
16 relu
8 relu
1 relu
11
Adam6/No Thick/No TonPath
18
0 0
0 2
1 0
1 1
1 2
1 3
1 4
1 5
1 7
1 8
1 9
1 10
1 11
1 13
1 14
1 15
1 16
1 17
0
6
500
4
1.000000e-03
0.000000
-1.000000
-1.000000
-1.000000
0.900000
0.999000
0
64 relu
32 relu
32 relu
16 relu
8 relu
1 relu
12
Adamax6/NoThick/No TonPath
18
0 0
0 2
1 0
1 1
1 2
1 3
1 4
1 5
1 7
1 8
1 9
1 10
1 11
1 13
1 14
1 15
1 16
1 17
0
6
500
5
2.000000e-03
0.000000
-1.000000
-1.000000
-1.000000
0.900000
0.999000
0
64 relu
32 relu
32 relu
16 relu
8 relu
1 relu
13
RMS6/SQRT Thick/No TonPath
19
0 0
0 2
0 3
1 0
1 1
1 2
1 3
1 4
1 5
1 7
1 8
1 9
1 10
1 11
1 13
1 14
1 15
1 16
1 17
0
6
500
1
1.000000e-06
0.000000
-1.000000
-1.000000
0.900000
-1.000000
-1.000000
0
64 relu
32 relu
32 relu
16 relu
8 relu
1 relu
14
Adam6/SQRT Thick/No TOnPath
19
0 0
0 2
0 3
1 0
1 1
1 2
1 3
1 4
1 5
1 7
1 8
1 9
1 10
1 11
1 13
1 14
1 15
1 16
1 17
0
6
500
4
1.000000e-03
0.000000
-1.000000
-1.000000
-1.000000
0.900000
0.999000
0
64 relu
32 relu
32 relu
16 relu
8 relu
1 relu
15
Adamax6/SQRT Thick/No TOnPath
19
0 0
0 2
0 3
1 0
1 1
1 2
1 3
1 4
1 5
1 7
1 8
1 9
1 10
1 11
1 13
1 14
1 15
1 16
1 17
0
6
500
5
2.000000e-03
0.000000
-1.000000
-1.000000
-1.000000
0.900000
0.999000
0
64 relu
32 relu
32 relu
16 relu
8 relu
1 relu
16
Ensemble 1,4 / 6 Relu/RMS
0
2
1
4
6
500
1
1.000000e-06
0.000000
-1.000000
-1.000000
0.900000
-1.000000
-1.000000
0
64 relu
32 relu
32 relu
16 relu
8 relu
1 relu
17
1,5,7,10/6 relu/RMS
0
4
1
5
7
10
6
500
1
1.000000e-06
0.000000
-1.000000
-1.000000
0.900000
-1.000000
-1.000000
0
64 relu
32 relu
32 relu
16 relu
8 relu
1 relu
18
All(1-15)/6 relu/RMS
0
15
1
2
3
4
5
6
7
8
9
10
11
12
13
14
15
6
500
1
1.000000e-06
0.000000
-1.000000
-1.000000
0.900000
-1.000000
-1.000000
0
64 relu
32 relu
32 relu
16 relu
8 relu
1 relu
19
Ens 2 -12, 15
0
2
12
15
6
500
1
1.000000e-06
0.000000
-1.000000
-1.000000
0.900000
-1.000000
-1.000000
0
64 relu
32 relu
32 relu
16 relu
8 relu
1 relu
20
Ens 3 -2, 12, 15
0
3
2
12
15
6
500
1
1.000000e-06
0.000000
-1.000000
-1.000000
0.900000
-1.000000
-1.000000
0
64 relu
32 relu
32 relu
16 relu
8 relu
1 relu
21
Ens 4 -2, 11, 12, 15
0
4
2
11
12
15
6
500
1
1.000000e-06
0.000000
-1.000000
-1.000000
0.900000
-1.000000
-1.000000
0
64 relu
32 relu
32 relu
16 relu
8 relu
1 relu
22
RMS/4/500
21
0 0
0 1
0 2
1 0
1 1
1 2
1 3
1 4
1 5
1 6
1 7
1 8
1 9
1 10
1 11
1 12
1 13
1 14
1 15
1 16
1 17
0
4
500
1
1.000000e-06
0.000000
-1.000000
-1.000000
0.900000
-1.000000
-1.000000
0
64 relu
32 relu
16 relu
1 relu
23
RMS/4/500(nUnit 256)
21
0 0
0 1
0 2
1 0
1 1
1 2
1 3
1 4
1 5
1 6
1 7
1 8
1 9
1 10
1 11
1 12
1 13
1 14
1 15
1 16
1 17
0
4
500
1
1.000000e-06
0.000000
-1.000000
-1.000000
0.900000
-1.000000
-1.000000
0
256 relu
64 relu
16 relu
1 relu
24
1/22/23 기본 RMSPROp series
0
3
1
22
23
6
500
1
1.000000e-06
0.000000
-1.000000
-1.000000
0.900000
-1.000000
-1.000000
0
64 relu
32 relu
32 relu
16 relu
8 relu
1 relu
25
1,2,3/22/23 기본 All
0
5
1
2
3
22
23
6
500
1
1.000000e-06
0.000000
-1.000000
-1.000000
0.900000
-1.000000
-1.000000
0
64 relu
32 relu
32 relu
16 relu
8 relu
1 relu
26
Selective Ensemble All/18 Features/6Layer
19
0 2
1 0
1 1
1 2
1 3
1 4
1 5
1 6
1 7
1 8
1 9
1 10
1 11
1 12
1 13
1 14
1 15
1 16
1 17
15
1
2
3
4
5
6
7
8
9
10
11
12
13
14
15
6
20
4
1.000000e-03
0.000000
-1.000000
-1.000000
-1.000000
0.900000
0.999000
0
64 relu
32 relu
32 relu
16 relu
8 relu
1 softmax
27
New 2
19
0 2
1 0
1 1
1 2
1 3
1 4
1 5
1 6
1 7
1 8
1 9
1 10
1 11
1 12
1 13
1 14
1 15
1 16
1 17
15
1
2
3
4
5
6
7
8
9
10
11
12
13
14
15
6
200
1
2.500000e-04
0.000000
-1.000000
-1.000000
0.900000
-1.000000
-1.000000
0
64 relu
32 relu
32 relu
16 relu
8 relu
1 softmax
28
new 2 categorical_mum_classes
19
0 2
1 0
1 1
1 2
1 3
1 4
1 5
1 6
1 7
1 8
1 9
1 10
1 11
1 12
1 13
1 14
1 15
1 16
1 17
15
1
2
3
4
5
6
7
8
9
10
11
12
13
14
15
6
201
1
2.500000e-04
0.000000
-1.000000
-1.000000
0.900000
-1.000000
-1.000000
0
64 relu
32 relu
32 relu
16 relu
8 relu
1 softmax
